1-1-1 154 996 958 1070 1
1-1-2 154 2336 851 2402 1
1-1-3 1016 1107 1296 1499 0
1-2-1 101 838 187 892 0
1-2-2 274 851 694 888 1
1-3-1 525 51 913 88 1
1-3-2 1309 35 1371 109 0
1-3-3 265 307 443 352 1
1-3-4 488 1284 946 1915 0
1-4-1 100 262 171 336 0
1-4-2 100 765 162 851 0
1-4-3 220 789 451 835 1
1-5-1 170 1767 249 1817 0
1-5-2 352 1763 802 1813 1
1-5-3 191 959 224 1025 0
1-5-4 327 979 888 1017 1
1-6-1 84 1514 216 1551 1
1-7-1 82 1263 884 1337 1
1-7-2 82 1403 1269 1432 1
1-7-3 802 1734 1265 2388 0
1-7-4 78 2553 1194 2574 1
1-8-1 286 245 1090 282 1
1-8-2 525 55 913 93 1
1-8-3 273 2328 438 2370 1
1-8-4 146 2613 1297 2658 1
1-8-5 280 304 1225 370 1
1-9-1 521 47 913 97 1
1-9-2 1312 35 1366 109 0
1-9-3 274 311 447 356 1
1-9-4 146 871 1296 917 1
10-1-1 44 337 1356 391 1
10-1-2 65 544 409 577 1
10-1-3 65 805 392 854 1
10-1-4 65 1343 251 1388 1
10-2-1 266 1205 1164 1275 1
10-3-1 264 1348 1174 1409 1
10-3-2 122 1513 1321 1560 1
10-3-3 412 1725 1022 1768 1
10-4-1 316 725 736 763 1
10-4-2 62 684 266 879 0
10-5-1 65 1710 293 1776 1
10-5-2 1286 1685 1389 1797 0
10-6-1 172 545 1258 611 1
10-6-2 159 756 1266 802 1
10-6-3 462 910 959 947 1
10-7-1 1272 51 1363 126 0
10-8-1 61 547 265 743 0
10-8-2 319 589 731 631 1
11-1-1 393 963 1045 1038 1
11-10-1 36 43 173 173 0
11-10-2 102 2860 169 2927 0
11-10-3 1077 56 1215 173 0
11-10-4 682 2864 765 2927 0
11-10-5 956 2864 1048 2931 0
11-2-1 331 803 1107 877 1
11-3-1 193 364 1245 417 1
11-4-1 195 1640 1239 1694 1
11-5-1 459 957 992 1010 1
11-5-2 347 1167 1095 1205 1
11-5-3 492 1634 950 1672 1
11-5-4 330 1238 1103 1279 1
11-5-5 380 1382 1054 1415 1
11-6-1 247 1277 1175 1327 1
11-6-2 197 1360 1241 1406 1
11-7-1 28 69 149 197 0
11-7-2 1091 31 1229 152 0
11-7-3 334 2543 482 2693 0
11-7-4 105 2864 168 2935 0
11-7-5 957 2868 1053 2930 0
11-8-1 128 1092 244 1196 0
11-8-2 285 1212 802 1249 1
11-8-3 137 1576 244 1662 0
11-8-4 153 2175 223 2253 0
11-8-5 137 2848 244 2926 0
11-9-1 30 27 174 146 0
11-9-2 1066 27 1218 146 0
11-9-3 1255 583 1354 654 0
11-9-4 389 975 1041 1012 1
11-9-5 104 2823 179 2893 0
11-9-6 674 2836 760 2889 0
11-9-7 954 2832 1057 2898 0
12-1-1 156 1377 1249 1427 1
12-2-1 519 667 777 705 1
12-2-2 137 967 449 1008 1
12-2-3 129 1283 390 1316 1
12-2-4 133 1582 428 1619 1
12-2-5 133 1886 636 1927 1
12-2-6 129 2193 328 2235 1
12-2-7 133 2497 295 2538 1
12-3-1 90 625 808 667 1
12-3-2 77 1040 661 1074 1
12-3-3 260 1762 1174 1804 1
12-3-4 114 1524 223 1620 0
12-3-5 264 1528 706 1558 1
12-3-6 264 1587 786 1624 1
13-1-1 332 1171 1102 1225 1
13-1-2 455 1311 966 1361 1
13-2-1 323 1103 1107 1156 1
13-2-2 364 1243 1061 1297 1
13-2-3 323 1321 1107 1367 1
13-3-1 80 85 150 164 0
13-3-2 57 271 265 480 0
13-3-3 88 521 229 550 1
13-3-4 594 1288 806 1334 1
13-4-1 472 223 642 266 1
13-4-2 791 219 958 266 1
14-1-1 55 2187 1358 2229 1
14-2-1 46 284 100 339 0
14-2-2 129 293 752 339 1
14-2-3 503 2866 578 2941 0
14-3-1 498 2885 573 2956 0
14-4-1 48 460 94 519 0
14-4-2 119 469 752 515 1
14-4-3 502 2878 573 2949 0
14-5-1 498 2880 573 2947 0
15-1-1 427 585 998 652 1
15-1-2 207 89 386 143 1
15-1-3 315 723 1119 773 1
15-1-4 94 1014 423 1069 1
15-1-5 731 927 948 973 1
15-10-1 382 64 482 135 0
15-10-2 661 52 769 152 0
15-10-3 557 1295 885 1603 0
15-10-4 62 1798 1376 1869 1
15-10-5 511 2052 919 2110 1
15-10-6 104 2759 1326 2805 1
15-10-7 291 1881 1156 1935 1
15-11-1 190 47 678 97 1
15-11-2 66 221 1359 307 1
15-11-3 58 345 1281 394 1
15-12-1 187 39 682 92 1
15-12-2 60 216 764 286 1
15-12-3 51 331 1267 393 1
15-12-4 117 505 657 550 1
15-12-5 344 1259 1082 2000 0
15-12-6 962 1881 1028 1926 0
15-12-7 56 406 1284 467 1
15-13-1 382 60 477 139 0
15-13-2 665 60 765 148 0
15-13-3 61 427 186 556 0
15-13-4 236 518 623 568 1
15-13-5 1248 439 1373 556 0
15-13-6 794 726 869 797 0
15-14-1 384 43 475 122 0
15-14-2 669 43 765 130 0
15-15-1 391 43 478 126 0
15-15-10 180 2374 375 2436 1
15-15-11 60 2507 122 2577 0
15-15-12 180 2507 491 2565 1
15-15-2 669 47 765 143 0
15-15-3 462 321 541 388 0
15-15-4 561 329 964 375 1
15-15-5 1254 815 1366 914 0
15-15-6 31 512 673 1122 0
15-15-7 560 1050 642 1121 0
15-15-8 172 2104 503 2167 1
15-15-9 172 2237 474 2304 1
15-16-1 384 43 479 118 0
15-16-2 669 39 769 126 0
15-16-3 793 2115 876 2186 0
15-16-4 781 2235 1310 2289 1
15-2-1 383 475 1042 533 1
15-2-2 209 72 449 130 1
15-2-3 101 603 1333 653 1
15-4-1 326 535 1116 589 1
15-4-2 210 64 661 126 1
15-4-3 119 659 1319 705 1
15-4-4 90 941 388 978 1
15-5-1 349 529 1093 582 1
15-5-2 209 55 633 109 1
15-5-3 122 656 1307 706 1
15-5-4 89 866 365 911 1
15-6-1 59 230 1308 309 1
15-6-2 375 541 1063 1147 0
15-6-3 549 2636 881 2690 1
15-7-1 59 280 1221 355 1
15-7-2 55 633 1379 678 1
15-7-3 59 890 155 977 0
15-7-4 184 886 1300 931 1
15-7-5 55 545 1304 612 1
15-7-6 175 948 1362 985 1
15-7-7 179 1006 1350 1048 1
15-8-1 246 1117 893 1171 1
15-8-2 247 1206 1268 1253 1
15-8-3 101 1122 214 1229 0
15-9-1 379 242 479 321 0
15-9-2 669 238 769 325 0
15-9-3 44 428 189 557 0
15-9-4 479 722 872 1460 0
15-9-5 1278 457 1365 532 0
16-1-1 183 1431 1184 1490 1
16-1-2 185 1508 1160 1569 1
16-2-1 461 81 523 152 0
16-3-1 1134 81 1200 135 0
16-3-2 105 292 167 354 0
16-3-3 55 458 864 508 1
16-3-4 122 906 375 956 1
16-3-5 114 1159 449 1205 1
16-3-6 114 1395 333 1449 1
16-3-7 114 1648 284 1690 1
16-3-8 114 1901 263 1943 1
16-4-1 72 1134 134 1192 0
16-4-2 217 1134 425 1180 1
16-4-3 60 1362 147 1416 0
16-4-4 213 1362 362 1412 1
16-4-5 72 1818 134 1881 0
16-4-6 213 1822 321 1868 1
16-4-7 55 2038 138 2113 0
16-4-8 209 2051 383 2104 1
17-1-1 164 1438 1249 1496 1
17-1-2 602 974 823 1241 0
17-2-1 133 1391 1309 1450 1
17-2-2 534 519 904 872 0
17-2-3 428 1155 1015 1238 1
17-2-4 132 1611 1302 1660 1
17-3-1 264 68 566 126 1
17-3-2 81 271 164 337 0
17-3-3 90 457 156 523 0
17-3-4 264 461 785 523 1
17-3-5 301 1786 1133 1853 1
17-3-6 355 2175 1129 2213 1
17-3-7 355 2275 1042 2325 1
17-3-8 1179 2739 1381 2908 0
17-4-1 1216 505 1322 605 0
17-4-2 84 840 711 878 1
17-4-3 84 1060 308 1098 1
17-4-4 88 1197 171 1247 1
17-5-1 628 1086 810 1235 0
17-5-2 183 1509 1101 1551 1
17-5-3 179 1572 1138 1621 1
17-5-4 179 1721 482 1771 1
18-1-1 166 1481 1264 1551 1
18-1-2 285 1714 1149 1760 1
18-1-3 326 1796 1108 1829 1
18-1-4 416 1854 1010 1899 1
18-2-1 174 1822 1256 1863 1
18-3-1 26 1013 330 1315 0
18-3-2 52 1604 126 1670 0
18-3-3 678 1608 748 1670 0
18-4-1 994 536 1335 585 1
18-4-2 37 326 349 626 0
18-4-3 46 933 1215 987 1
18-5-1 61 253 316 310 1
18-5-2 53 442 834 495 1
19-1-1 58 1083 316 1124 1
19-1-2 58 1486 328 1519 1
19-1-3 54 1885 362 1926 1
19-2-1 61 867 193 904 1
19-2-2 57 1811 421 1852 1
19-3-1 62 1444 262 1481 1
19-3-2 133 1751 719 1789 1
19-3-3 56 1845 1085 1899 1
19-4-1 30 2782 125 2873 0
19-4-2 199 2786 294 2873 0
19-4-3 360 2790 455 2873 0
19-5-1 1246 105 1382 232 0
19-6-1 1235 139 1381 268 0
19-7-1 1250 131 1387 255 0
2-1-1 88 293 1143 359 1
2-1-2 139 635 416 670 1
2-1-3 92 1713 1321 1742 1
2-2-1 95 362 1029 424 1
2-2-2 132 572 413 601 1
20-1-1 186 1361 1149 1414 1
20-2-1 449 1488 524 1550 0
20-2-2 578 1496 823 1550 1
20-3-1 682 418 752 477 0
20-3-2 207 606 323 714 0
20-3-3 61 793 382 843 1
20-3-4 115 939 752 985 1
20-3-5 65 1070 1360 1114 1
20-3-6 53 1876 1256 1918 1
20-3-7 60 2247 1049 2289 1
20-3-8 55 2546 528 2589 1
20-4-1 62 1972 129 2034 0
20-4-2 179 1984 345 2026 1
20-4-3 175 2154 333 2213 1
20-4-4 71 2865 121 2944 0
20-4-5 175 2877 291 2932 1
20-5-1 253 1819 1181 1869 1
20-6-1 341 1664 1093 1731 1
20-6-2 366 1839 1064 1884 1
21-1-1 196 1356 1242 1410 1
21-1-2 503 1688 939 1750 1
21-2-1 314 1543 1140 1588 1
21-2-2 331 1625 1107 1679 1
21-2-3 641 1311 797 1423 0
21-2-4 223 68 616 126 1
21-3-1 413 287 1025 332 1
21-3-2 269 576 558 613 1
21-3-3 137 572 228 625 0
21-4-1 189 1269 1179 1302 1
21-5-1 63 291 211 332 1
22-1-1 336 2120 1168 2161 1
22-1-2 208 2116 282 2165 0
22-2-1 123 598 373 636 1
22-2-2 123 703 719 753 1
22-2-3 114 949 369 982 1
22-2-4 118 1053 711 1090 1
22-3-1 120 588 453 626 1
22-3-2 120 700 910 738 1
22-4-1 51 76 286 303 0
23-1-1 323 1097 1052 1139 1
23-1-2 315 1501 1265 1551 1
23-1-3 461 2301 973 2359 1
23-2-1 308 534 1130 588 1
23-2-2 224 721 370 758 1
23-2-3 906 2038 1359 2075 1
23-3-1 65 1116 707 1186 1
23-3-2 73 1352 1320 1406 1
23-3-3 185 2056 528 2102 1
23-4-1 61 963 1293 1017 1
23-4-2 74 1155 1052 1196 1
23-4-3 269 1359 856 1405 1
23-4-4 70 1529 827 1567 1
23-4-5 70 805 752 893 1
23-5-1 1255 2828 1342 2907 0
23-6-1 1254 2843 1337 2926 0
24-1-1 108 1940 565 2064 1
24-1-2 108 2251 311 2314 1
24-1-3 366 2497 1072 2547 1
24-2-1 115 2098 952 2144 1
24-2-2 515 1123 894 1440 0
24-2-3 415 1686 1011 1732 1
24-3-1 92 324 876 435 1
24-3-2 220 823 971 876 1
24-3-3 220 959 967 1017 1
24-3-4 480 1169 942 1231 1
24-3-5 513 1429 909 1487 1
24-3-6 1090 1421 1165 1479 0
24-3-7 587 1672 847 1726 1
24-3-8 1074 1668 1169 1734 0
24-3-9 405 2753 1028 2815 1
25-1-1 260 813 1203 875 1
25-1-2 152 1173 446 1215 1
25-2-1 483 610 1054 664 1
25-2-2 123 875 880 921 1
25-2-3 119 1612 909 1653 1
25-2-4 326 1802 1336 1856 1
25-2-5 326 2543 1245 2589 1
25-2-6 123 2357 731 2394 1
25-3-1 538 1901 903 1975 1
25-3-2 503 2819 573 2890 0
25-4-1 143 1333 1159 1379 1
25-4-2 138 1408 1204 1458 1
25-5-1 57 64 674 122 1
25-5-2 206 275 554 312 1
25-5-3 1286 258 1348 329 0
25-5-4 649 1425 798 1590 0
25-5-5 500 2798 574 2889 0
25-5-6 855 2806 938 2889 0
25-6-1 316 347 424 451 0
25-6-2 266 522 486 563 1
25-6-3 511 2817 569 2896 0
25-6-4 860 2817 944 2904 0
26-1-1 119 339 448 400 1
26-1-2 115 688 444 745 1
26-1-3 119 1037 551 1086 1
26-1-4 127 1752 583 1814 1
26-1-5 119 2130 505 2183 1
26-2-1 114 265 579 331 1
26-2-2 118 652 501 701 1
26-2-3 299 1747 435 1792 1
26-3-1 449 1382 981 1445 1
26-3-2 216 1499 1210 1549 1
26-3-3 399 1848 1039 1894 1
26-4-1 207 282 608 332 1
26-5-1 69 275 649 329 1
26-5-2 1303 263 1357 333 0
26-5-3 876 1182 1017 1377 0
26-5-4 417 1907 1013 1948 1
26-5-5 487 2085 951 2139 1
26-6-1 1218 509 1326 579 0
27-1-1 497 2394 953 2431 1
27-1-2 168 2394 255 2439 0
27-10-1 280 478 412 516 1
27-10-2 273 799 507 864 1
27-10-3 280 1895 591 1949 1
27-10-4 276 2231 578 2289 1
27-10-5 284 2571 711 2620 1
27-11-1 59 1408 146 1486 0
27-11-2 265 1424 538 1478 1
27-11-3 265 1816 509 1862 1
27-2-1 110 310 1089 380 1
27-2-2 172 615 546 664 1
27-3-1 673 1111 765 1174 0
27-4-1 125 316 525 368 1
27-4-2 116 450 1287 497 1
27-4-3 426 2899 1007 2946 1
27-5-1 558 864 888 1347 0
27-5-2 286 1784 1086 1822 1
27-6-1 283 1438 1081 1483 1
27-6-2 283 1520 505 1553 1
27-7-1 282 1894 1069 1931 1
27-8-1 515 85 915 143 1
27-8-2 636 1235 806 1352 0
27-8-3 432 1489 1002 1531 1
27-8-4 294 1581 1148 1623 1
27-8-5 494 1827 944 1864 1
27-8-6 1086 294 1306 339 1
27-9-1 554 519 893 854 0
27-9-2 611 1354 901 1399 1
27-9-3 1219 2816 1363 2906 0
27-9-4 1228 2909 1368 2946 1
28-1-1 440 792 998 847 1
28-2-1 65 358 1059 428 1
28-2-2 52 735 384 780 1
28-3-1 269 1302 944 1344 1
28-4-1 56 330 235 504 0
28-4-2 295 388 860 438 1
28-5-1 1217 2801 1308 2888 0
28-6-1 591 262 835 481 0
28-6-2 1215 2801 1306 2880 0
29-1-1 936 1264 1031 1426 0
29-1-2 215 1572 1223 1605 1
29-1-3 161 1622 1273 1668 1
29-1-4 190 1685 1244 1730 1
29-2-1 58 2074 1332 2113 1
29-2-2 536 2258 894 2283 1
29-3-1 141 1178 1297 1219 1
29-3-2 607 1448 827 1485 1
29-4-1 56 531 1353 581 1
29-4-2 56 915 490 969 1
29-4-3 115 1040 636 1090 1
29-4-4 47 1839 352 1916 1
29-4-5 110 1973 769 2028 1
29-4-6 56 2186 286 2236 1
29-4-7 52 2465 957 2515 1
29-4-8 48 673 1027 719 1
29-5-1 179 1228 449 1282 1
29-5-2 187 1361 1097 1403 1
29-5-3 183 1428 1176 1473 1
29-5-4 187 1577 557 1615 1
29-6-1 1072 102 1143 168 0
29-7-1 72 1543 138 1601 0
29-7-2 218 1560 732 1597 1
3-1-1 416 1003 1026 1044 1
3-2-1 84 837 1017 876 1
3-2-2 84 1559 236 1594 1
3-2-3 89 1872 216 1911 1
3-2-4 94 2160 299 2189 1
3-2-5 89 2955 221 2990 1
3-2-6 80 3239 241 3283 1
3-2-7 1202 1662 1256 1711 0
3-2-8 84 1638 1041 1677 1
3-3-1 239 1819 682 1877 1
3-3-2 90 904 868 946 1
3-3-3 107 1853 172 1947 0
3-3-4 635 2547 681 2613 0
3-4-1 63 338 126 375 0
3-4-2 196 338 665 375 1
3-5-1 210 72 818 134 1
3-5-2 479 768 1042 822 1
3-5-3 164 453 342 478 1
3-6-1 316 766 640 808 1
3-6-2 889 1170 1068 1194 1
3-6-3 212 1411 723 1469 1
3-6-4 245 2412 644 2458 1
3-7-1 66 347 141 401 0
3-7-2 204 293 607 343 1
3-7-3 211 1034 971 1077 1
3-7-4 204 1756 840 1823 1
3-7-5 207 1901 404 1943 1
3-7-6 62 1008 145 1078 0
3-8-1 220 363 1214 409 1
3-8-2 96 1078 175 1136 0
3-8-3 233 1016 964 1066 1
3-8-4 324 1298 864 1340 1
30-1-1 208 232 282 307 0
30-1-2 311 241 830 298 1
30-1-3 250 463 1180 504 1
30-1-4 237 648 1324 690 1
30-2-1 118 603 241 657 1
30-2-2 122 887 451 928 1
30-2-3 118 1707 357 1748 1
30-2-4 118 1983 348 2024 1
30-2-5 114 2254 414 2296 1
30-2-6 118 2802 480 2843 1
30-3-1 208 241 274 307 0
30-3-2 311 249 834 290 1
30-3-3 1197 2802 1271 2872 0
30-4-1 1259 698 1366 752 1
30-4-2 1284 941 1370 983 1
30-4-3 1197 2804 1271 2866 0
4-1-1 391 1272 1043 1322 1
4-1-2 329 1471 1109 1509 1
4-10-1 329 255 491 292 1
4-10-2 947 251 1096 296 1
4-10-3 412 657 785 707 1
4-10-4 105 823 1221 873 1
4-2-1 308 1384 553 1434 1
4-2-2 63 1363 262 1550 0
4-2-3 316 1480 731 1509 1
4-3-1 550 233 901 568 0
4-3-2 587 969 859 1022 1
4-3-3 372 1807 1078 1861 1
4-3-4 95 2526 599 2572 1
4-3-5 91 2609 748 2646 1
4-4-1 126 686 334 742 1
4-5-1 388 2793 492 2871 0
4-5-2 1248 2797 1335 2875 0
4-6-1 945 238 1101 308 1
4-6-2 333 255 499 296 1
4-6-3 117 599 458 649 1
4-7-1 1037 56 1112 126 0
4-8-1 1042 51 1112 130 0
4-8-2 376 1210 1050 1280 1
4-8-3 310 1350 1120 1383 1
4-8-4 293 1416 1133 1458 1
4-9-1 386 717 1060 750 1
4-9-2 164 906 234 988 0
4-9-3 477 931 966 972 1
4-9-4 160 1124 250 1194 0
4-9-5 419 1136 1027 1181 1
4-9-6 160 1539 238 1613 0
4-9-7 452 1559 994 1596 1
5-1-1 153 293 1269 364 1
5-1-2 340 456 1090 581 1
5-10-1 184 989 1250 1039 1
5-10-2 495 1147 935 1192 1
5-11-1 97 1516 188 1574 0
5-11-2 1250 1499 1341 1574 0
5-12-1 191 85 499 139 1
5-12-2 777 505 877 584 0
5-12-3 490 625 935 671 1
5-12-4 118 788 336 848 1
5-12-5 108 1066 341 1116 1
5-12-6 116 1390 187 1440 1
5-12-7 121 1677 299 1710 1
5-13-1 183 89 494 152 1
5-13-2 794 505 877 584 0
5-13-3 494 626 944 675 1
5-13-4 336 921 1089 979 1
5-13-5 220 1066 1222 1112 1
5-13-6 536 1636 898 1694 1
5-13-7 611 1819 823 1865 1
5-13-8 445 1994 998 2044 1
5-14-1 194 93 502 143 1
5-14-2 781 514 873 589 0
5-14-3 490 631 940 685 1
5-14-4 332 922 1094 989 1
5-14-5 215 1072 1215 1131 1
5-14-6 298 1276 1131 1339 1
5-14-7 507 1460 906 1501 1
5-14-8 436 2009 998 2051 1
5-2-1 274 301 1151 355 1
5-3-1 124 297 1314 355 1
5-3-2 399 617 1172 746 1
5-4-1 182 1277 457 1331 1
5-4-2 186 1402 1177 1435 1
5-4-3 173 1543 1165 1585 1
5-5-1 188 1649 1246 1752 1
5-6-1 299 1278 1131 1328 1
5-6-2 522 1458 914 1503 1
5-7-1 50 55 149 126 0
5-8-1 54 55 153 117 0
5-9-1 478 913 952 950 1
5-9-2 499 1150 935 1191 1
6-1-1 326 72 1104 130 1
6-10-1 436 334 1018 899 0
6-10-2 274 81 486 143 1
6-10-3 262 1057 416 1095 1
6-10-4 104 1074 170 1145 0
6-10-5 266 1228 1305 1269 1
6-10-6 266 1760 411 1801 1
6-10-7 96 1785 162 1851 0
6-10-8 270 1290 1072 1332 1
6-2-1 268 1438 798 1488 1
6-2-2 268 1583 1137 1616 1
6-2-3 260 1732 1120 1777 1
6-3-1 506 411 928 779 0
6-3-2 101 971 658 1012 1
6-3-3 81 243 1361 288 1
6-4-1 108 1612 1330 1666 1
6-5-1 54 81 490 143 1
6-5-2 532 382 1314 448 1
6-5-3 67 305 478 687 0
6-5-4 75 820 702 883 1
6-5-5 541 477 1109 538 1
6-6-1 17 266 129 320 0
6-6-2 1148 51 1252 122 0
6-6-3 108 1517 1334 1592 1
6-7-1 22 267 126 321 0
6-7-2 972 68 1055 139 0
6-7-3 1171 2721 1378 2921 0
6-7-4 110 827 1333 881 1
6-7-5 52 1283 246 1461 0
6-8-1 20 258 119 329 0
6-8-2 976 60 1058 130 0
6-8-3 831 1041 996 1173 0
6-8-4 264 1475 1108 1525 1
6-8-5 1166 2705 1377 2907 0
6-9-1 67 218 308 433 0
6-9-2 267 1305 856 1355 1
6-9-3 96 2890 184 2952 0
6-9-4 271 2903 628 2948 1
7-1-1 251 1232 1179 1298 1
7-1-2 504 2495 930 2549 1
7-2-1 111 265 280 306 1
7-2-2 115 959 407 1008 1
7-2-3 115 1312 407 1357 1
7-2-4 111 1653 378 1706 1
7-2-5 111 2002 370 2064 1
7-3-1 1242 2800 1291 2854 0
7-4-1 1240 2817 1294 2870 0
7-5-1 62 2150 266 2200 1
7-5-2 1238 2819 1297 2886 0
8-1-1 42 753 216 790 1
8-10-1 860 649 935 707 0
8-10-2 839 765 955 802 1
8-10-3 110 1138 180 1196 0
8-10-4 1266 2813 1333 2891 0
8-2-1 229 2005 1338 2055 1
8-2-2 237 2071 864 2121 1
8-3-1 511 301 1027 330 1
8-3-2 1110 60 1185 122 0
8-4-1 221 1226 1221 1268 1
8-4-2 204 1417 1230 1451 1
8-4-3 316 1310 1118 1347 1
8-4-4 213 1492 1225 1525 1
8-5-1 620 381 822 418 1
8-5-2 77 550 374 617 1
8-5-3 43 736 88 802 0
8-5-4 43 971 484 1004 1
8-6-1 43 60 130 114 0
8-6-2 1258 2826 1333 2892 0
8-7-1 48 77 123 127 0
8-7-2 1256 2838 1331 2909 0
8-8-1 47 56 126 118 0
8-8-2 1262 2831 1333 2898 0
8-9-1 57 56 119 105 0
8-9-2 1269 2816 1323 2887 0
9-1-1 126 416 383 458 1
9-1-2 114 694 271 735 1
31-2-1 496 322 932 380 1
31-2-2 61 1108 299 1161 1
31-2-3 320 935 591 976 1
31-3-1 49 2138 164 2241 0
31-3-2 205 2582 616 2639 1
31-4-1 445 962 989 1015 1
32-1-1 44 43 168 163 0
32-1-10 1253 2814 1340 2897 0
32-1-2 268 68 512 143 1
32-1-3 628 275 806 321 1
32-1-4 450 1675 980 1725 1
32-1-5 89 1779 1349 1828 1
32-1-6 367 2023 1063 2073 1
32-1-7 669 2797 773 2893 0
32-1-8 963 2802 1054 2893 0
32-1-9 934 2905 1075 2947 1
32-2-1 149 1985 1284 2038 1
32-2-2 133 2067 1293 2116 1
32-2-3 289 2263 1133 2309 1
32-2-4 375 2608 1051 2665 1
32-3-1 1156 2492 1375 2695 0
32-3-2 674 2794 773 2884 0
32-3-3 971 2785 1049 2876 0
32-3-4 929 2892 1082 2938 1
32-3-5 1259 2789 1350 2880 0
32-4-1 669 2807 769 2903 0
32-4-2 964 2807 1055 2890 0
32-4-3 927 2903 1080 2948 1
32-4-4 1259 2807 1333 2899 0
32-5-1 56 271 334 329 1
32-5-2 56 1307 470 1369 1
32-5-3 51 1390 880 1448 1
32-6-1 651 1151 783 1267 0
32-6-2 411 1348 1026 1404 1
32-6-3 120 1498 1313 1540 1
32-7-1 427 2626 1011 2688 1
32-7-2 509 2803 924 2861 1
33-1-1 181 2340 1220 2398 1
33-2-1 92 237 286 286 1
33-2-2 653 1684 731 1750 0
33-2-3 731 1688 896 1742 1
33-2-4 653 2167 723 2233 0
33-2-5 731 2179 896 2229 1
33-2-6 653 2637 727 2707 0
33-2-7 735 2645 884 2703 1
33-3-1 86 655 877 722 1
33-3-2 98 1475 789 1546 1
34-1-1 62 393 869 493 1
34-1-2 62 655 345 700 1
34-1-3 70 1079 424 1141 1
34-10-1 47 394 318 444 1
34-10-2 55 682 193 728 1
34-10-3 55 978 402 1024 1
34-10-4 60 1283 318 1337 1
34-10-5 60 1634 260 1680 1
34-10-6 60 2018 256 2072 1
34-10-7 68 2097 293 2160 1
34-10-8 64 2715 736 2761 1
34-11-1 266 85 973 143 1
34-11-2 57 293 689 360 1
34-11-3 57 480 814 526 1
34-12-1 150 347 328 530 0
34-12-2 182 1327 1117 1381 1
34-12-3 182 1411 1217 1452 1
34-2-1 58 378 1372 469 1
34-2-2 70 634 442 692 1
34-3-1 60 375 930 457 1
34-3-2 69 656 338 718 1
34-4-1 50 380 1296 459 1
34-5-1 67 380 1205 467 1
34-5-2 549 791 902 1145 1
34-5-3 507 2562 927 2632 1
34-6-1 179 1166 1205 1232 1
34-6-2 183 1282 1239 1353 1
34-6-3 598 2666 844 2916 0
34-7-1 125 2123 1317 2177 1
34-7-2 117 2256 1325 2302 1
34-7-3 457 2779 988 2833 1
34-8-1 57 431 332 485 1
34-8-2 53 760 327 810 1
34-8-3 57 1085 440 1135 1
34-8-4 61 2638 1315 2688 1
34-8-5 78 2701 773 2755 1
34-9-1 56 840 344 898 1
34-9-2 77 1307 623 1365 1
34-9-3 64 1557 335 1603 1
34-9-4 56 2433 1107 2474 1
34-9-5 73 2645 1315 2687 1
34-9-6 73 2708 777 2754 1
35-1-1 257 1434 1177 1488 1
35-3-1 263 1374 1109 1432 1
35-4-1 55 1015 200 1160 0
35-4-2 229 1006 714 1060 1
36-1-1 134 608 1068 658 1
36-1-2 134 728 1196 774 1
36-1-3 134 811 1205 861 1
36-1-4 856 2821 935 2895 0
36-1-5 819 2900 972 2966 1
36-1-6 1221 2808 1308 2900 0
36-1-7 1172 2916 1362 2958 1
36-2-1 62 262 339 311 1
36-2-2 62 902 219 956 1
36-2-3 62 1666 525 1728 1
36-3-1 223 64 525 138 1
36-3-2 120 2484 1000 2550 1
36-3-3 859 2794 942 2885 0
36-3-4 835 2901 971 2939 1
36-3-5 1223 2794 1306 2877 0
36-3-6 1177 2897 1355 2943 1
36-4-1 117 553 188 615 0
36-4-2 1038 553 1175 611 1
36-4-3 852 2796 943 2891 0
36-4-4 827 2904 972 2958 1
36-4-5 1217 2804 1308 2891 0
36-4-6 1171 2908 1353 2950 1
36-5-1 101 537 188 611 0
36-5-2 1021 553 1179 611 1
36-5-3 68 1416 138 1486 0
36-5-4 196 1424 901 1494 1
36-5-5 209 1793 660 1847 1
36-5-6 59 2141 134 2203 0
36-5-7 204 2145 569 2212 1
37-1-1 329 247 1109 313 1
37-1-2 498 1131 947 1190 1
37-10-1 253 1638 357 1725 0
37-10-2 452 1646 548 1721 0
37-10-3 818 1625 943 1729 0
37-10-4 1222 1538 1385 1692 0
37-10-5 627 2071 806 2216 0
37-10-6 173 2291 1260 2345 1
37-10-7 173 2358 1255 2395 1
37-10-8 410 2404 1010 2458 1
37-11-1 187 1128 499 1191 1
37-11-2 183 1353 1135 1403 1
37-11-3 183 1432 1176 1482 1
37-11-4 187 1507 1106 1548 1
37-11-5 253 2853 349 2932 0
37-11-6 440 2858 549 2941 0
37-11-7 831 2858 927 2941 0
37-11-8 1218 2745 1384 2908 0
37-12-1 63 251 192 363 0
37-12-2 631 1501 835 1700 0
37-12-3 179 1754 1250 1812 1
37-12-4 187 1812 1229 1866 1
37-13-1 1098 60 1219 164 1
37-13-2 60 647 302 706 1
37-13-3 548 872 873 922 1
37-13-4 664 2813 773 2897 0
37-13-5 656 2909 764 2963 1
37-14-1 506 110 919 494 0
37-14-2 444 540 982 603 1
37-14-3 39 1249 189 1391 0
37-14-4 227 1299 1278 1349 1
37-14-5 43 2288 193 2430 0
37-14-6 227 2322 544 2380 1
37-14-7 665 2822 765 2906 0
37-14-8 661 2922 765 2968 1
37-15-1 128 489 219 601 0
37-15-2 269 514 510 572 1
37-15-3 273 1138 823 1201 1
37-15-4 119 1334 227 1417 0
37-2-1 548 189 894 530 0
37-2-2 103 659 357 726 1
37-2-3 86 888 527 954 1
37-2-4 95 1088 244 1142 1
37-2-5 95 1262 1035 1304 1
37-2-6 90 1429 1230 1491 1
37-3-1 544 190 890 541 0
37-3-10 55 2529 197 2675 0
37-3-11 239 2583 439 2637 1
37-3-2 88 674 356 741 1
37-3-3 97 912 531 967 1
37-3-4 88 1113 247 1159 1
37-3-5 97 1267 1032 1317 1
37-3-6 101 1447 1229 1497 1
37-3-7 59 2153 552 2207 1
37-3-8 55 2324 205 2458 0
37-3-9 239 2357 418 2428 1
37-4-1 669 2802 773 2897 0
37-4-2 665 2906 769 2964 1
37-5-1 1067 75 1166 178 0
37-5-2 178 1149 453 1222 1
37-5-3 169 1304 1187 1355 1
37-5-4 178 1385 1213 1432 1
37-5-5 169 1458 1153 1518 1
37-5-6 582 2429 844 2691 0
37-5-7 655 2914 796 2987 1
37-5-8 934 2910 1071 2979 1
37-6-1 256 2861 356 2949 0
37-6-2 827 2857 939 2953 0
37-6-3 1219 2753 1381 2919 0
37-7-1 63 1322 264 1523 0
37-7-2 67 1564 267 1602 1
37-8-1 183 1125 474 1191 1
37-8-2 183 1274 1239 1337 1
37-8-3 183 1432 1168 1474 1
37-8-4 191 1511 748 1557 1
37-8-5 532 2809 902 2867 1
37-9-1 176 1350 264 1446 0
37-9-2 318 1375 782 1433 1
37-9-3 648 1918 790 2101 0
37-9-4 531 2811 898 2869 1
38-1-1 85 102 932 164 1
38-1-2 223 252 1207 294 1
38-1-3 110 2241 523 2303 1
38-2-1 41 251 230 298 1
38-2-2 320 259 509 298 1
38-3-1 43 252 237 312 1
38-3-2 318 256 512 303 1
38-3-3 47 2672 1369 2728 1
38-3-4 512 2922 930 2978 1
38-4-1 154 880 1272 938 1
38-5-1 44 256 237 303 1
38-5-2 323 251 508 303 1
38-5-3 392 991 693 1288 0
38-5-4 418 1326 663 1378 1
38-6-1 1246 2817 1336 2899 0
39-1-1 590 469 852 523 1
39-1-2 52 644 1323 694 1
39-2-1 232 256 1198 327 1
39-2-2 111 393 1318 439 1
39-2-3 494 522 931 555 1
39-2-4 511 676 910 1047 0
39-2-5 432 1134 1002 1188 1
39-2-6 174 1280 523 1338 1
39-2-7 174 1604 1127 1646 1
39-3-1 840 2829 944 2933 0
39-3-2 815 2937 973 2979 1
39-3-3 64 244 277 452 0
39-3-4 119 2837 227 2929 0
39-4-1 342 51 1092 122 1
39-4-2 284 1219 1133 1260 1
39-5-1 171 60 445 110 1
39-5-2 188 247 628 296 1
39-5-3 67 483 570 558 1
39-5-4 43 1097 254 1284 0
39-5-5 292 1168 956 1222 1
39-5-6 852 2816 939 2915 0
39-5-7 814 2923 972 2961 1
39-5-8 134 2840 221 2903 0
39-6-1 358 60 1101 118 1
39-6-2 51 267 586 317 1
39-6-3 43 566 458 632 1
39-6-4 89 1022 1349 1084 1
39-6-5 640 1093 785 1138 1
39-7-1 573 81 861 135 1
39-7-2 60 436 398 477 1
39-7-3 51 682 281 740 1
39-7-4 56 1646 289 1704 1
39-7-5 47 1821 444 1879 1
39-8-1 158 517 245 579 0
39-8-2 839 2815 951 2915 0
39-8-3 810 2919 976 2969 1
39-8-4 145 1859 249 1955 0
39-8-5 307 1876 1134 1938 1
40-1-1 87 355 1093 451 1
40-1-2 83 521 1171 588 1
40-1-3 278 1244 968 1315 1
40-1-4 274 1477 453 1514 1
40-10-1 64 68 242 139 1
40-10-2 242 897 1183 963 1
40-10-3 470 1075 971 1133 1
40-10-4 532 1249 893 1303 1
40-10-5 1203 2815 1303 2894 0
40-10-6 1212 2890 1299 2943 1
40-11-1 577 390 857 662 0
40-11-2 1229 632 1333 729 0
40-11-3 55 1439 385 1497 1
40-11-4 63 2846 301 2904 1
40-11-5 172 94 489 165 1
40-12-1 77 469 236 619 0
40-12-2 281 510 468 581 1
40-12-3 181 927 435 981 1
40-2-1 76 369 1078 469 1
40-2-2 85 540 1165 594 1
40-2-3 85 1153 627 1220 1
40-3-1 85 386 1186 469 1
40-3-2 80 624 531 695 1
40-3-3 97 924 410 1233 0
40-3-4 72 1371 786 1454 1
40-4-1 72 358 1200 449 1
40-4-2 80 611 532 661 1
40-4-3 105 917 416 1207 0
40-4-4 279 1373 640 1435 1
40-4-5 271 1551 619 1613 1
40-5-1 81 532 1337 578 1
40-6-1 1159 31 1246 125 0
40-6-2 1163 240 1377 442 0
40-6-3 274 1059 603 1125 1
40-6-4 274 1425 1072 1479 1
40-6-5 274 1503 1130 1553 1
40-6-6 282 1573 1027 1623 1
40-6-7 751 1931 1179 1989 1
40-6-8 1212 2779 1307 2869 0
40-6-9 1212 2873 1303 2919 1
40-7-1 1151 77 1247 160 0
40-7-2 1176 264 1380 459 0
40-7-3 1214 2817 1301 2904 0
40-7-4 1214 2909 1309 2954 1
40-8-1 1293 64 1384 156 0
40-8-2 943 272 1056 363 0
40-8-3 919 393 1076 442 1
40-8-4 62 272 283 476 0
40-8-5 1214 2824 1301 2895 0
40-8-6 1214 2912 1301 2949 1
40-9-1 295 500 1080 537 1
40-9-2 1217 2821 1300 2891 0
40-9-3 1208 2904 1304 2949 1
41-1-1 1282 26 1410 142 0
41-1-2 406 541 702 586 1
41-1-3 414 611 1031 656 1
41-2-1 1293 18 1412 137 0
41-2-2 415 523 694 576 1
41-2-3 407 601 1039 650 1
41-2-4 58 2226 140 2300 0
41-2-5 173 2239 599 2300 1
41-3-1 51 270 508 356 1
41-3-2 331 1382 1093 1456 1
41-3-3 496 1823 933 1868 1
41-3-4 315 1489 1097 1542 1
41-5-1 64 747 542 800 1
41-5-2 65 529 1089 627 1
41-5-3 64 841 677 899 1
41-5-4 60 1006 319 1055 1
41-6-1 66 536 198 650 0
42-1-1 323 187 1115 249 1
42-2-1 286 406 1131 451 1
42-3-1 286 389 1135 447 1
42-4-1 1153 2825 1245 2926 0
42-5-1 1263 55 1374 150 0
42-5-2 1147 2795 1250 2898 0
42-6-1 616 1536 809 1596 1
42-6-2 380 1747 1063 1807 1
42-6-3 152 2623 371 2817 0
42-7-1 1160 2823 1247 2919 0
42-8-1 536 152 894 214 1
42-8-2 69 1114 357 1176 1
42-8-3 73 1443 365 1497 1
42-9-1 54 372 598 422 1
42-9-2 54 517 503 588 1
42-9-3 58 842 802 896 1
42-9-4 58 1998 490 2073 1
43-1-1 1125 2785 1213 2876 0
43-2-1 648 439 777 560 0
43-2-2 656 647 777 697 1
43-2-3 1114 2797 1206 2893 0
43-3-1 46 2334 539 2401 1
43-4-1 201 64 864 134 1
43-4-2 371 263 557 329 1
43-4-3 114 2450 669 2508 1
43-5-1 1111 2800 1203 2891 0
44-1-1 84 1285 810 1339 1
44-1-2 146 1413 273 1462 1
44-2-1 1251 2833 1345 2928 0
44-3-1 1250 2827 1349 2922 0
44-4-1 56 109 307 348 0
44-4-2 1073 64 1185 167 0
44-4-3 43 447 657 525 1
44-4-4 1251 2829 1341 2919 0
44-5-1 48 381 484 426 1
44-5-2 51 653 636 706 1
44-6-1 193 1295 1158 1344 1
44-7-1 64 669 1086 743 1
44-7-2 55 801 1254 859 1
44-7-3 84 966 364 1238 0
44-7-4 467 978 702 1032 1
44-8-1 57 660 1089 738 1
44-8-2 61 803 1253 865 1
44-8-3 476 964 702 1025 1
44-8-4 151 1058 266 1141 0
44-8-5 209 1235 768 1309 1
44-8-6 184 1420 295 1506 0
44-8-7 357 1432 694 1486 1
44-8-8 184 1613 295 1712 0
44-9-1 472 47 957 117 1
44-9-2 546 286 908 635 0
44-9-3 415 718 1015 788 1
44-9-4 164 915 378 960 1
44-9-5 90 2355 513 2421 1
45-1-1 95 441 1002 503 1
45-1-2 123 606 435 655 1
45-1-3 1018 873 1347 926 1
45-2-1 86 446 846 503 1
45-2-2 122 602 295 647 1
45-2-3 862 873 1356 931 1
45-3-1 1143 280 1222 372 0
45-3-2 1250 272 1350 359 0
45-3-3 964 2819 1055 2907 0
45-3-4 926 2911 1084 2952 1
45-3-5 1242 2828 1350 2915 0
45-4-1 1103 48 1232 177 0
45-4-2 1295 73 1412 181 0
45-4-3 181 394 256 482 0
45-4-4 268 402 585 469 1
45-4-5 757 394 844 477 0
45-5-1 1123 31 1218 121 0
45-5-2 1292 35 1412 130 0
45-5-3 171 361 265 427 0
45-5-4 270 373 583 422 1
45-5-5 760 356 843 431 0
45-5-6 245 1305 632 1375 1
45-5-7 245 1433 1107 1495 1
45-5-8 249 1511 872 1561 1
45-6-1 1125 43 1216 143 0
45-6-2 1303 43 1402 134 0
45-6-3 172 383 247 437 0
45-6-4 272 366 591 437 1
45-6-5 760 375 835 441 0
45-6-6 255 1311 744 1377 1
45-6-7 259 1431 1179 1485 1
45-6-8 247 1514 1021 1563 1
45-7-1 949 2792 1068 2883 0
45-7-2 920 2865 1085 2927 1
45-7-3 1237 2791 1343 2869 0
45-7-4 1306 26 1397 121 0
45-8-1 60 55 323 105 1
45-8-2 60 430 591 492 1
45-8-3 950 2796 1057 2886 0
45-8-4 933 2891 1073 2932 1
45-8-5 1242 2796 1337 2886 0
45-9-1 325 599 951 1071 0
45-9-2 951 2819 1058 2906 0
45-9-3 926 2898 1091 2956 1
45-9-4 1228 2811 1348 2906 0
46-1-1 217 1617 1087 1669 1
46-1-2 91 2517 208 2630 0
46-2-1 57 1937 1321 1985 1
46-2-2 48 1993 576 2037 1
46-2-3 87 2517 213 2634 0
46-3-1 818 1261 985 1398 0
46-3-2 753 1429 1015 1484 1
46-3-3 57 1931 504 1991 1
46-3-4 629 2928 801 3079 0
46-3-5 1243 2967 1355 3053 0
46-4-1 140 1112 556 1211 1
46-4-2 141 1249 818 1300 1
46-4-3 642 2920 800 3057 0
46-4-4 1259 2950 1345 3040 0
46-5-1 1256 36 1377 152 0
46-5-2 470 1227 543 1300 0
46-5-3 461 2332 543 2400 0
46-5-4 633 2938 796 3080 0
46-5-5 1252 2968 1351 3050 0
46-5-6 1123 1519 1188 1575 0
46-6-1 69 161 336 436 0
46-6-2 95 961 353 1013 1
46-6-3 69 1443 555 1521 1
46-6-4 637 2941 796 3078 0
46-6-5 1244 2962 1351 3065 0
46-7-1 539 247 908 594 0
46-7-2 633 2929 801 3070 0
46-7-3 1255 2954 1354 3040 0
46-8-1 165 58 832 140 1
46-8-2 65 275 477 340 1
46-8-3 52 1205 438 1266 1
46-8-4 74 1370 511 1439 1
46-8-5 65 1591 732 1638 1
46-8-6 65 1721 182 1820 0
46-8-7 213 1734 507 1794 1
47-1-1 631 1386 807 1540 0
47-1-2 627 1548 810 1586 1
47-1-3 635 1669 794 1807 0
47-1-4 648 1832 789 1873 1
47-1-5 1252 2857 1335 2928 0
47-2-1 1194 269 1340 419 0
47-2-2 1252 2853 1344 2924 0
47-4-1 345 396 516 446 1
47-4-2 640 396 789 446 1
47-4-3 922 392 1059 450 1
47-4-4 291 1339 378 1426 0
47-5-1 101 678 254 732 1
47-5-2 927 558 1051 653 0
47-5-3 922 682 1059 728 1
47-5-4 657 811 781 923 0
47-5-5 1254 2828 1346 2919 0
47-5-6 902 1757 1093 1815 1
47-5-7 761 1998 864 2093 0
47-6-1 1241 2824 1341 2924 0
47-7-1 1010 235 1318 305 1
47-7-2 499 1573 939 1636 1
47-8-1 48 481 227 519 1
47-8-2 39 2306 681 2373 1
47-9-1 184 976 586 1038 1
47-9-2 184 1175 611 1241 1
47-9-3 184 2593 801 2643 1
48-1-1 488 1894 946 1943 1
48-11-1 1193 2721 1378 2910 0
48-12-1 1214 64 1305 163  0
48-2-1 493 924 945 1364 0
48-2-2 496 1434 945 1504 1
48-2-3 237 1574 1192 1636 1
48-2-4 344 1669 1097 1738 1
48-2-5 484 1907 924 1969 1
48-3-1 481 1353 1019 1419 1
48-4-1 304 1646 408 1746 0
48-4-2 428 1663 1121 1721 1
48-5-1 90 293 234 445 0
48-5-2 73 782 283 840 1
48-6-1 82 1293 520 1359 0
48-7-1 83 670 1346 719 1
48-7-2 546 539 891 633 1
48-7-3 218 55 419 117 1
48-7-4 79 1228 788 1302 1
48-7-5 87 1691 1354 1732 1
48-8-1 89 993 1354 1051 1
48-8-2 72 1329 255 1395 1
48-8-3 68 1561 516 1623 1
48-9-1 72 1723 254 1797 1
48-9-2 84 1995 500 2053 1
49-1-1 49 60 128 152 0
49-1-2 111 247 223 335 0
49-1-3 947 2830 1055 2930 0
49-1-4 1247 2830 1347 2930 0
49-1-5 1230 2939 1355 2976 1
49-10-1 74 446 144 536 0
49-11-1 99 52 216 143 0
49-11-2 944 2830 1064 2913 0
49-11-3 1247 2834 1351 2925 0
49-11-4 1218 2925 1368 2979 1
49-12-1 952 2846 1052 2921 0
49-12-2 1243 2838 1351 2929 0
49-12-3 1226 2929 1376 2979 1
49-13-1 802 43 877 147 0
49-13-2 574 413 844 658 0
49-13-3 956 2827 1060 2926 0
49-13-4 1255 2814 1338 2931 0
49-13-5 1226 2922 1375 2972 1
49-14-1 120 766 266 808 1
49-14-2 58 1539 756 1589 1
49-14-3 99 1776 290 1822 1
49-14-4 785 1776 964 1834 1
49-14-5 951 2823 1055 2911 0
49-14-6 1255 2836 1354 2936 0
49-14-7 1230 2927 1363 2969 1
49-15-1 53 281 227 339 1
49-15-2 56 1530 519 1589 1
49-15-3 44 1864 627 1914 1
49-2-1 181 1385 1141 1431 1
49-2-2 172 1447 1079 1509 1
49-2-3 176 1509 864 1580 1
49-2-4 164 2184 346 2338 0
49-2-5 60 2698 901 2752 1
49-3-1 305 1830 1120 1900 1
49-3-2 499 1908 925 1974 1
49-3-3 148 2139 355 2350 0
49-3-4 57 2698 913 2756 1
49-4-1 1159 2536 1403 2756 0
49-5-1 1017 60 1137 151 0
49-6-1 48 60 140 156 0
49-6-2 1048 452 1152 573 0
49-6-3 1144 469 1302 531 1
49-6-4 948 2835 1048 2927 0
49-6-5 1248 2839 1352 2939 0
49-6-6 1223 2939 1364 2981 1
49-7-1 44 64 123 156 0
49-7-2 948 2831 1064 2935 1
49-7-3 1244 2848 1360 2939 0
49-7-4 1219 2935 1369 2973 1
50-10-1 91 1162 399 1229 1
50-11-1 208 68 499 135 1
50-11-2 50 268 411 330 1
50-11-3 62 633 382 683 1
50-11-4 46 866 208 920 1
50-11-5 54 1544 482 1589 1
50-13-1 223 51 500 109 1
50-13-2 45 250 405 320 1
50-13-3 62 609 384 675 1
50-13-4 50 844 206 898 1
50-13-5 169 1154 880 1236 1
50-13-6 334 1364 570 1592 0
50-13-7 314 1629 590 1687 1
50-13-8 863 1356 1107 1596 0
50-13-9 892 1699 1082 1761 1
50-3-1 178 1355 1185 1425 1
50-3-2 165 1425 1039 1488 1
50-4-1 172 1323 1199 1406 1
50-4-2 168 1393 1063 1472 1
50-5-1 293 1337 1145 1416 1
50-6-1 168 1419 1200 1473 1
50-6-2 163 1485 946 1547 1
50-8-1 474 663 607 779 0
50-8-2 453 808 619 858 1
50-8-3 233 2388 395 2454 1
